8.039737155681466681713623
11.24920620777293524970503
15.70461917672162556516555
18.26199749569312756892441
20.45577080774249285344506
24.05941485649345077459305
26.57786873577458531458435
28.21816450623338609318303
30.74504026138249573780819
33.89738892725941901767787
35.60841265393863465481291
37.55179655636462701986048
39.48520726092935076736629
42.61637922615756757432281
44.12057291207220244202440
46.27411802351314008510487
47.51410451011732211493636
50.37513865063626598282192
52.49674959906075366728822
54.19384310155191357860187
55.64255870021622137385644
57.58405636044918378148659
60.02685745671590223526149
62.20607812228213648686965
63.17699276733910829118312
65.29492554408371203312854
66.62313462553293005965854
69.51302298597999593419684
70.81979869554714963679595
72.65614907069666485689436
74.00542852100418969330885
75.62240696403070968325853
78.21748127092660984301934
79.63797575190780201641175
81.61198760947144692236423
82.47025251222195794648948
84.41228663829340908784455
86.32764628301414793912268
88.65261720853939082326874
89.64640275684170011255316
91.33561035443308233256090
92.75346438711915817510729
94.39435879716337757793432
96.87425208978530826836727
98.12645490424191213145521
99.53348926405860551015292
101.3749634679000189575709
102.1163618450649207904224
104.7653754701645187606154
106.2460618488763767402933
107.9703161171381027412478
109.1376039144917573778465
110.5233510368133510283804
112.1547718421999694747980
114.2171482715642523558870
115.8981424418431391092668
117.3697509966053599712269
118.2994183078976053629434
120.2551822384944473304363
121.2788415965073728815660
123.8904906598096318670103
125.0107835006040254387120
126.3973122558350301306819
128.0526771842361420518088
128.9372369286237801512854
130.8113699102385570294375
133.0324496493005341621412
133.9908626434153216415746
135.8208912231495389399344
136.8263732715500172523131
138.0953595564688820925869
139.9982800755045112555043
141.6478471118487607306315
143.6384771451267422340860
144.2516639825884660045772
145.9196295674467836538408
147.2242302819567155903857
148.6031369892638006181751
150.7164895698127989474411
152.3185291515903030422529
153.1907164942600053653896
154.8152161519251693336296
156.1364808910072213185845
157.1483812765944730160851
159.7182524207504666341841
160.5683146966258271868813
162.4150755709671963676784
163.4179519382985308007503
164.6743265965582283365102
166.0662525292756456311159
167.8677285312811973824584
169.5982845608166162817430
170.8474830423991283164828
172.3076302538303021209393
173.0602336194162158907712
174.9713599306700421616371
175.9300818153842517534072
178.2561676554760250513581
179.5188334579215591348342
180.4313868100308942716735
182.1921165989120846744780
183.0869005284911818845673
184.4318195608085267310446
186.4672549599504074913410
188.0044327245106774804451
189.0010671450208929252549
190.6019247350436697516455
191.6303966754947377808975
192.7101972365183628420370
194.6648641090389260821290
196.1084583641506395618972
197.6996064891581477035899
199.0088587986378827634701
199.6814231836026252932701
201.5880066361766954868311
202.3549007531268107055681
204.3415668604349517349143
206.0443497536688535685748
207.1403025362675275257536
208.2390056909817808534728
209.6818124647466164052940
210.8688075936374240526215
211.9841347465174602317130
214.5759364179034157715156
214.9211261886521433849936
216.7517455684529247981895
217.9558099665120233704170
218.8770692068810971804368
220.2518653564464150263593
221.8954062843736675119329
223.5475874582478759878992
224.8255684231272534581371
226.1130457512890447076522
227.1639548118533017206586
228.3103629680669774031723
229.8603207599580634198835
231.1126667667876322201271
233.2473278856436189789391
234.0621858277234968753036
235.1901836805952625563327
236.6674232789310367436197
237.7998475385192956680702
238.7815192750406300412619
240.9546216199247324994969
242.1355516326779116056465
243.4903222257243973550562
244.4562201863482189074295
246.3028244345012325694137
246.4148964765635420564502
248.3912475399704861853845
250.1562857449092956154454
251.2072964743793209505166
252.9333508970165767079338
253.6828259854901425818908
254.7600877442307656889382
256.4132882912837788985326
257.2810845872236675028942
259.2731974163285141651062
260.6690222258145599439380
261.7331900046248200393412
262.8413603840734218853567
264.0927251332627926952995
265.4054916973185359223680
266.3467688135146768972833
268.5334048091926774847489
269.7633475290296341083486
270.4837926614863503655250
272.4547001464764193018264
272.8700991741168768320487
274.2075890142926003649507
275.7232034952076790856828
277.3922645560363899395085
278.5947831471114486859790
280.0288754666972236324446
280.8797118717170476356866
282.2108843699329377523119
283.1612291681609437960437
284.7932055175675124621926
286.0671767907198704912888
287.9857252919451081598294
288.7101028317685280899925
289.8196313865012344778991
291.1497160123117172640553
292.4994004725639503355056
293.1461579712300977481138
295.4052734131898037342418
296.5237835456866971017050
297.6932534938650103381632
298.8858526457194456506155
300.0442411125083812648353
301.1948498279908301652205
302.1477938432665982986831
304.2345987852476202685373
305.2667177577765556448161
306.5746401318227699294483
308.0564168531856044037014
308.5960260978264880519981
309.9131659877852686282749
311.3997126051290738758266
312.4376700421881357931327
314.5089851652463393255178
315.2478008258449931126573
316.7478679888822003771724
317.4099901024864872313102
318.9929013465492646343695
319.8835539237630993931196
321.2238504515910357705589
323.0883700511469865649313
324.4750728381284815843233
324.8682277193277467563590
326.6748998281159939080781
327.6899126465102265555039
328.3791490765487628242421
330.0580762971752635714506
331.7098350520466126253601
332.7610858506377970711470
334.2281266348673803722901
335.1090404297041190915490
336.2938791374743939019965
337.3231175951790040445004
338.6137336731561031870568
340.1689127234458901547486
341.4738184846500446666150
343.0517875415860097094216
343.7348357774241101922627
344.7405616721934999750876
346.4045593485783577835670
347.0451340377145417337704
348.4410964843466321875974
350.5588437050002255540694
351.1464325745365291818535
352.4767895649890209385143
353.7213052688793849509032
354.6288089346319006675085
355.9287153484598402463043
356.8195839741266301492853
358.9895043461209388458779
359.7399114153344768673765
361.1485286920981072881540
362.2787269214394380935577
363.5106319487382906845063
363.9958106914321282714657
365.8571277898014062064777
366.8107222683149856309011
368.5471338407268541785090
369.8617681201649075235035
370.6484770399847071984128
371.8867143187088590098767
372.9235154545270699115564
374.1996509445462756040027
375.1833251674472687272017
376.9101424823472226888208
378.4853660305566824520151
379.1335701928066574399827
380.2914994466508269592038
381.6709343643993455503946
382.7357738451545721017194
383.3306100960119943604387
385.4542926492754015043639
386.5509105471780220494762
387.8036899333275259770165
388.9393896785549146514156
390.1392963013306292534503
390.8526475772122579441455
392.2636723340820452507743
393.3297825398181487972874
395.1082825259670828883924
396.0599582992547971453907
397.6833541389148949725643
398.3767316395665468780589
399.2942534759463955074163
400.8379150520003045611502
401.7159887654716554668775
402.9055408083916478010908
404.9146957152481314917906
405.7883600329932872346784
406.6595956182007995133519
408.1898880969338272785399
408.9166420927018490959032
410.2092779107518588167146
411.1165524746463822285988
412.9076154075646134663399
414.4169483814212399196449
414.9304043961193712616438
416.5495947361271965390247
417.5043557248394044731444
418.3643952179477547107971
419.4982943824516015932450
421.1079180301291049886626
422.1941392678897482104333
423.7726249632606854894165
424.9263560632156082133248
425.5206364081910641741658
426.9759941571629864215672
427.8782342823582140462904
429.1261527113034131549489
430.2922889054932422040269
432.1471581337812652685207
432.9587521208625555290545
434.3424536843312552762703
434.8313584607932514113577
436.6339390083898365121670
437.2406337472781618582414
438.2244251587216964708472
440.3213875967476181206677
441.2088228266107867900949
442.3723845749648740523960
443.6068608429422650744239
444.6802931027254601357714
445.4220885676530998502259
446.7673243789394074252823
447.9064252549600763398847
449.5571842135444109807006
450.6154162509052898660636
451.8432215149324578836929
453.0667255470175199139304
453.6154706530795519759958
454.9456885533144435839739
456.3461171683534289756539
457.0217267129592256276525
459.0182586588230251680858
460.1607090954940123196395
460.9884986394364015749699
461.9993049963656576499126
463.6047524158301616869466
463.9786741619343018262482
465.3438329118085048834603
466.7265730923343951911217
468.4486648106179032851462
469.1588573986386529621735
470.2871255951251006843380
471.6299209838351463190271
472.4524553870889989069781
473.3871490297167142567616
474.6450841651777048659807
476.4131186018024059536480
477.0860289135917827496726
479.0291998569226679282616
479.3973997505261831717592
480.6442433245705747893649
481.6450039520016181099952
482.9448002520980439433908
483.7946268201109073122548
485.4127811858150168870041
486.8221516735848273308647
487.8331710119405418133663
488.8061504141686755210551
489.7662810399685911314832
491.0703306326949356134314
492.1076379118260847359159
492.8347757801157725113819
495.0134207625413358708015
495.8833454899823974163793
496.7425360797046386007205
498.3515120934006235835390
498.9240138966046441110312
500.1563926426789357290843
501.0127306246829870066657
502.5380248223956593534292
503.8135531819040031413104
505.2215339377752293435618
506.0165919654559640959329
507.3890990121651434105928
508.2031188017498480529375
509.0135516825147634409993
510.6737424773482179204143
511.3480645174797498925783
513.0202932069243615980831
514.4689749535045395868391
515.3042176942764233723251
516.0860823030057109111249
517.4544049678404046690303
518.6794575577559746229980
519.1100183768177184021783
520.7624337199770048350870
522.2733604794607211230360
523.4431049572825953444895
524.2520994573979078237755
525.4748184043414584754606
526.5398414907120791203681
527.5925834963743554474643
528.2625037257043695522077
530.0226100056633200623644
531.3456483716764651516472
532.2323061933818128098128
533.6846642854942745409139
534.7832910412032801818892
535.0773188709124860956749
536.7862321975938433951501
537.5977896650461391586508
538.8230999248308128396862
540.4083522006577474333298
541.5291796788548545100586
542.7196322800789526593334
543.3299926557815239555797
544.7195844172088232112302
545.5408240119936707463075
546.9541296950657867533307
547.5141489364162091138046
549.8863727864124903970906
550.3132294999228769807318
551.4340204210081933618921
552.7254813939120874097609
553.7416710255736127977098
554.5554248456961075367464
555.5684887375562510233720
557.0862667279514412673987
558.3597202089014309178896
559.5611310792139406705617
560.6223167796622392113468
561.6114366190000939778022
562.7765338451267728446068
563.4112343394521588673229
564.7787487388099447951657
566.0024181898542313478542
567.1601141031264125943323
568.7637842113446965079570
569.6607891100117366076410
570.4272355244301370408890
571.5422304890752871116691
572.8647418234379423539063
573.6236313467124630750247
574.6186005943403261868720
576.6669519018190163338813
577.2413641451125791600605
578.8254824425303973140989
579.2520994350059029269613
580.7234625043572962939453
581.6979306631191850212184
582.4216573389029923860484
583.7283233459834493633288
585.4389309682226636653591
586.3259725237723565655891
587.3469651310184334747859
588.8452106599484437660669
589.4522122547767102408572
590.2197733997987760514546
591.8476275879386883207508
592.5113093657920430071922
594.0464235061286281185056
595.3878348577767625963719
596.5686306394250270491828
597.2631725264031654732542
598.5194541215006644716529
599.2829299591681327337128
600.6856315449810701114920
601.3916876949544362580744
602.7794142185645248612207
604.5370003602297437383019
605.3082026956367356855392
606.0180255395150531006435
607.4778097706593577733313
608.5301879979211043565324
609.1108188626574673661738
610.3261160980714165966275
611.8205017297251678659582
613.1674106740179954560984
613.9777797351013730082314
615.4624891575917661098168
616.0303285924098512515588
617.2638063079505764243243
618.1821551243407399680614
619.1168800452857042710420
620.7368778154445948704901
621.6147330234616456457775
623.2335231476163340921890
624.0665798685338084544151
625.0751564322204423859120
625.8213476039693117331810
627.2140459581235467047069
628.2756475673508615627091
628.8509939046310056774871
630.9151680453488391958478
631.8439283741527510368379
632.8038271090159889875624
633.9151554982466975830185
634.8367875851349371121039
636.0141220927648518429463
636.8394511699794048142778
637.8352162410553131237826
639.5349536310770880985478
640.8601425243898428323197
641.3142273980366490496596
642.9353193254099721904077
643.7086090357347739354544
644.6886211086911471884162
645.4342277749353132796769
647.1287069788668745985471
647.7720098755977567218936
649.5325606993842834760132
650.4828324410362492681934
651.5646526372131358187897
652.4314158678589096895846
653.3909604726604144686977
654.6048833260269490218360
655.4721564066804599596614
656.6523173020637563348512
658.1130222023188161866505
659.4816164227058374203292
660.3047366307787201790182
660.8775471929871978197945
662.6832732833052840451819
663.1048200894569462408873
664.1431885894008942508499
665.2954801881133941642295
667.1170933866885791182101
667.7504550758482761862282
669.0218895493720459332111
670.1629193469657997914564
670.9324986693508944084245
671.9981891432242645912365
672.9679327536605393467858
673.9996126130247584441837
675.5420274286742325632094
676.5684655101175683091085
677.7539452528048227026099
679.1142482311373846052015
679.4577304240191753084491
680.6148319499675584102280
681.8573956344983824739941
682.8638155514852770596508
683.6783715574975665658960
685.5219309195127029709090
686.6984289032649665333728
687.1556949313100305058058
688.5223614583667214153004
689.5384548101426400187064
690.3169227542557001108391
691.6569437132778850133349
692.2113381841707885403765
694.2221906007831753415936
695.0675033144298369465964
696.1459920576557631023651
697.0633412799832701188203
698.3865354628259469292343
699.1544272301559083773146
699.7747478100384107581651
