6.020948904697596654902512
10.24377030416655455213776
12.98809801231242250745311
16.34260710458722219497686
18.29199319612353483852600
21.45061134398346049720090
23.27837652045953153181960
25.72875642508872756726513
28.35963434302532778565161
29.65638401459315272180991
32.59218652711715513081519
34.19995750921314691304480
36.14288045830313783056579
38.51192314171869129377650
40.32267406669054418034435
41.80708462000456233715752
44.61789105866230339348200
45.59958439679156674593770
47.74156228093914125078138
49.72312932378258606656957
51.68609345287052843953381
52.76882076780472926503508
55.26754358469922484671826
56.93437405520229688680171
58.11670711067391797726237
60.42171394900783467301862
62.00863228576776945193062
63.71464111878543312351830
64.97617057309599934860592
67.63692086354606839805499
68.36588450383442296123374
70.18587990880211206137128
72.15548497438188121469154
73.76763552148589333615463
75.14312164743311140579804
76.69630320343019906456666
78.80999831432091300369178
80.21013123836663891514803
81.21395162688315115773483
83.66665601447057165128331
84.73174036378162860821758
86.57766016839026441021055
87.62971811958789968903943
89.80113161669581132596939
91.34970381469757347393098
92.23749991045425804600418
94.16661958596002130705306
96.13601116178055818527448
96.96174157941748357760774
98.75530041575452766860397
100.1348867030676852901923
102.1413808268896138267600
103.2880753816790027015933
104.3332698442674545049509
106.6944589088958417296004
107.6902069751467002081295
109.2599429739281924912897
110.4996081764290947804849
112.3678167440121799571666
113.8147955489926735395631
115.1423696476493279035094
116.1932046584612189896301
118.5375543788468616578001
119.4529898762090903582419
120.7312936186603769336849
122.4474613790687119196795
123.7945487603195060987938
125.7685195599155937624964
126.2987760249414090979001
127.9594076830632993830559
129.8856233586454693262350
131.0935787540839960752344
132.1435766009878278805013
133.7441814639748131914238
135.4908372525570022475540
136.5473122672825583893313
138.4572945096962576650904
138.7501777046114401295477
141.2536325097517841280667
142.3944175221977822983470
143.3290627416177320115936
144.9781662777113621817868
146.5220052849083384899584
147.9345308121809170348103
149.1884577173025363817680
150.2963590015431214580164
151.9619876704836907279184
153.6996126235152605255060
154.5754914287199173362930
155.6502486632434358681153
157.7483053079029283190746
158.7050211255293511249307
160.2364840967710423337777
161.4071469761567073452814
162.5660466895990396262742
164.7311646165768969199075
165.4014192858631540946148
166.7538791691084271146793
168.0444207817097446207428
170.0511311875266902148481
170.7347669945788054564558
172.2804817716213381183820
173.4429788361350157169708
174.9150880854005734044155
176.5973021419180674429956
177.7012125745737758080243
178.3623749089856556094121
180.5693103852855313977945
181.6149137317043899809081
182.9167683289689672272067
184.1150323753683887656710
185.3739966077004749172148
187.0687605906944095414559
188.2713743322707506859038
189.4917314921285425135819
190.3711876107557727433364
192.3611378760563184074161
193.7970729261466809945544
194.2318832293608992219529
196.1320056546842848233530
197.1134462215764085377634
198.8064757361469067113492
200.1620394286986302072022
200.9016178707688794026034
202.2605779959317308397653
204.2210707801582064152208
204.9920034550982837091664
206.4119110476112433143110
207.3173774818878583062742
209.2277524926480130523960
210.1031855173985401707264
211.8334118204238991921168
212.5376075372134241976737
213.7618421012781021271346
215.7938183820155996057704
216.7034152662029654763437
217.5819314180380170961118
219.1726705669443707246629
220.4056217106369751579600
221.9285485072544780491494
223.0031031806291613552824
224.1222384879468321500476
225.2932614752053580654619
226.9881884883753747196142
228.4055062974363792255980
228.9590236326752367510191
230.3301305778048023059407
232.1004817470690119520368
233.0480637452988040251057
234.3517877018327855912669
235.8362187711414687887160
236.2415604944756375476572
238.5371130499826214419833
239.3384881356196704919116
240.6267111693930673219474
241.4779209282111958613145
243.2289311797385844025909
244.5131685835881589106798
245.5648813801139591572189
246.7240585347251352067144
247.9951185827384266634574
249.1845089648854563792636
251.0865631504561951221312
251.6369158396143055430252
252.6234457796683757041087
254.3144373501227390090154
255.8379180497420518983595
256.5045849473484057339059
258.1652628503512185523657
258.8344705235249655097719
260.4304721349255751575593
261.9136149876498057346450
262.8836173424606315050917
264.0542578881282539039616
264.9328591412200836453433
267.0006511997152322068420
267.8014469846023296298999
268.7833060620479263174797
270.2780871674819041704136
271.2549836944488379626523
272.7558786016934182318464
274.1714583125190908501864
275.0331012365802140326523
275.8589460110830768633337
277.7723226383192541784140
278.8036838872865385880989
280.1571448709746051233548
280.7931069494091146516592
282.3796404635612996937598
283.6045434338830779399683
284.9255958234167167589100
286.0802333077169530412456
287.1494246482418519307279
287.9784762633213292797636
290.2521469951745432799908
290.6772963232607152516454
291.8320245888447554851307
293.2024341774728771102131
294.3272684514597673766604
295.8034708247192577698895
296.9006661388549328816267
298.0788741148922600993019
298.8703203070775600267691
300.4344598505345346182042
301.9198425285971181432353
302.9179375831171951368160
303.6611180403338911648413
305.0652088654190044081505
306.7951339637121210242596
307.2860849367148466878962
309.1224830304225209641205
309.7399076139748301585979
310.8236749609454222606649
312.5563668675610068806463
313.8779424550679378778424
314.4331651692889029210384
315.7349861249269618872519
317.0123180422325972651546
318.4562172563550202435820
319.5796912970353998562086
320.4063036444929898362765
322.0019678044903299229014
322.5391174237919166448689
324.5184446737242946824762
325.4747840441063387537319
326.4585412198653950447391
327.2599317665115770516465
329.2000979375791803801992
330.0360495903458636255825
331.2114028995818580053057
332.5729465282334397455456
333.1815083286944469392285
334.7686998946794175144197
336.1527175544332844335021
337.1396630547771362752495
338.2262826860366669039633
339.0112526151997789081645
340.8419523523529216206671
342.0261531833646974137411
342.6858582373587706792827
344.0836661565686862627005
345.2097753413459573044111
346.2627604671016941476648
347.9246481143632697374566
348.9817983885468120149499
349.4343424566002814630006
350.9772131093086171005229
352.3917682431248441639303
353.6933333256829546124685
354.3017377414641314355506
355.7444402625970306431358
356.6276472137673985753141
358.2882750929424366211009
359.0964611926055643566214
360.7110410245589243479894
361.1974930362084806074525
362.2769688931667497705397
364.4197244318352155945317
364.8037360921119966497988
366.0496895182690012543464
367.1255349350747462262054
368.4338148898077761672916
369.5016933318964405363710
371.0690160905648737699591
371.7700959151502466275536
372.8848608865911226393247
373.9348689154616523799502
375.5468747270075926960247
376.6839009379746539367478
377.5592232741848044307652
378.3869290457616630146695
380.0570731823139939966250
381.0486701230352553532850
382.2397664190157338254422
383.4850923542027975470085
384.3728456816805919723013
385.2152276718100110520673
387.1492092876308094595627
388.0821424777153497850755
388.7777179618526297788291
390.1691126288973758248577
391.0819257199607056364821
392.8517629133617494151723
393.4434077110107140920915
394.8199970917935633992004
395.8046096034178296276559
396.7344554225485063080197
398.2504159767379466957124
399.5655109221428371501171
400.6928757687115794343838
400.8264309422547318135722
402.8183184588996972949914
403.9074050434836080884771
404.9455862206118613759958
406.1612477978882182837592
407.1450155618871805968322
408.0395266729539842871171
409.5882131208357647653279
410.8716628634833972562447
411.6605714508530686255970
412.7311469575827245352596
413.6692853952956581370774
415.4292958729206053433346
416.3705912266159986762148
417.1292702136133141970539
418.5574767268274943568745
419.4874594223070529595381
420.5289538979833121243014
422.5103730295799395812912
422.6872546051342268536573
424.0668954927375279116780
424.8233888200049631864585
426.7324170086494599710725
427.3840178113418017106212
428.6981079540674684462151
429.5893859724852216637696
430.6175578358959205969368
432.0607725159701751635974
433.0374431195775491061980
434.4393523989532303725779
435.3481541603433508857853
435.9041636774496664998333
437.5822193991931840771231
439.1581082551973744287001
439.5375694451764723240137
440.6772278998545002559422
442.1697399171824047073384
442.7770442912218304593996
444.4382905078887461488730
445.4637391684133745717113
446.4483316219370803911041
447.3020089048109206937710
448.5069310886578395843179
450.0566203069175123775802
451.0707759054247023168569
451.8399724609767909209373
452.8798695382792819297267
454.2535143293540374058506
455.4224974213785268325868
456.3924981766489173247255
457.7825505017346710272065
458.6021322133400346554276
459.2328833740285416968706
461.2298600896851364349545
462.0932621039507740480524
462.9845743258505283911267
464.0743501343873083626987
465.0844961476044133389482
466.5652940707548298041441
467.4698784370246811270561
468.8527634509716679590923
469.4101534240184221440185
470.8501188981867466990012
471.5584886203264317500964
473.4496394154614986216165
474.2516613311982137881551
474.8624034163399942381936
476.1069088364217492248371
477.5245048886671043951805
478.5851748780898665396211
479.5637908589236582023297
480.8534311554146902312492
481.6357251550838353595330
482.5600895562204319803790
484.3734517629855361285535
485.0244076848567624019939
486.4338522150224222485700
486.8608211725273275106305
488.2017463753886811138669
489.7275841314972332742063
490.7259118641964669160525
491.3816567867895056882813
493.0084237825968299622900
493.4820835629862113758702
494.8408818548194500561677
496.2645961722145496989871
497.5146502307831916552006
497.7645505412582899730847
499.0214117463165850961717
500.5977739315263005502943
501.4706009964724237121865
502.7754581955358402457397
503.4664305496215448745379
504.6541249614305360573701
505.7391394395631412692908
506.9400530816781722384007
508.2986736851623598474003
509.0177445471133862454764
510.1633885675940243189780
510.7897573064070830583926
512.8299079824194041062091
513.5236032534548556887487
514.2237175297289866957845
515.8008894992311620952797
516.4115845471200997771984
517.7359754154984848540157
519.0169866724148547294407
520.1672927152597006440413
520.8726677830214112245204
521.8414813636147640928768
523.1209862530989358936509
524.6029343261714146967143
525.3609488284229151528674
526.4041359422307469194434
527.2006661474754946004268
528.7556452443181278433093
529.5794678996542963092495
530.8423358537776152391701
532.0554959397940145588732
532.8153584746462898772604
533.5083832287072466735466
535.3309577863146226401693
536.3352004395686439170327
537.2271070449865472626349
538.0268267703332655863534
539.4508199960462046485304
540.2203841979388980220859
541.9075991381138780888608
542.4625630611155719060100
543.6960927603489812178644
544.7854612643174293240503
545.3834428472394178407650
547.1872580828530371130235
548.2176791580563279009083
548.9435323187861347442813
549.8226396737208507205288
551.1198674033145863711182
552.6147956652257265599716
553.0343450585152620540567
554.7348011383175068362767
555.3810620321719046706865
556.2186899842312992339608
557.5625465227176820156038
558.9896836959291413728684
559.7894208525300587747516
560.8241858097515536864847
561.5795528524946038415304
562.8849188551249641982795
564.3751522518196721260087
565.0000100365370407900925
566.1218678063805630805968
567.2955831683173233119611
568.0926736677289392886364
569.1816802994340793162735
570.9348215312532568858688
571.5268400592477106977882
572.2400677588466161062719
573.4681818344492915389411
574.7318736134633185767795
575.9555575871454419069643
576.7984209701595765237876
577.8693624053099615664444
578.9016965733924390092724
579.7474187394313554238741
581.2480964428613430922457
582.1923709481818191442319
583.3513493145512805211308
584.3417991506165507598398
584.6620807114782007250055
586.8551283960004013880502
587.3635300899338061457123
588.5717411525410967937517
589.3661445753140320766806
590.7944462093776648898633
591.3222265526674547224208
592.8553025574937371196002
594.1167077624739281392343
594.7968092542618130672717
595.6682585071992830248277
596.8241417446500859481295
598.0888887457333171572404
599.5367297424774407131762
599.8997286865045826462216
601.0939156028160318762827
602.1346744654388132467082
603.3889795824883107446236
604.2938148468507767364370
605.6572116413863052676705
606.5960615393108988456238
607.2592259628438472604761
608.2637627698642700675312
610.0487415772700597219569
610.8754264925552605654746
611.4356522009911208301476
613.0036770668671786221349
613.4934583676714753465334
614.9738366985714258020740
616.1208010416539242705292
616.9880742341040586350733
618.2758449439585317641512
618.7850274845672967408499
619.9748711263880848519715
621.3988654127993964431141
622.5693821071094380053375
623.3287885934777096981483
623.9075978220627440428242
625.5528905172897208768932
626.4556094503056063501503
627.4934504675703913289000
628.8248332600829917031448
629.5220316606182497172136
630.5179652518243246453636
631.4173023928338980889998
633.2741153306769070152830
633.6603986464993223889156
634.9701148185883093049493
635.6341501654525463624232
636.7716143821366981820019
638.1752488910882534741171
639.2087842926171729158087
639.9157072529864984688762
